R	P	FP	R_stdev	P_stdev	FP_stdev	ClassifierOutput
0.00799365079365079	1	0	1.90476190473766E-05	0	0	26.3169910430908
0.0159873015873016	1	0	3.80952380947533E-05	0	0	24.3330375671387
0.0239809523809524	1	0	5.71428571451656E-05	0	0	24.0515865325928
0.0319746031746032	1	0	7.61904761895065E-05	0	0	23.8841735839844
0.039968253968254	1	0	9.5238095240526E-05	0	0	23.6675445556641
0.0479619047619048	1	0	0.000114285714290331	0	0	23.4935480117798
0.0559555555555556	1	0	0.000133333333332937	0	0	23.376097869873
0.0639492063492064	1	0	0.000152380952379013	0	0	23.309189414978
0.0719428571428571	1	0	0.000171428571437521	0	0	23.1875185012817
0.0799365079365079	1	0	0.000190476190481052	0	0	23.048589515686
0.0879301587301587	1	0	0.000209523809535218	0	0	22.9229705810547
0.0959238095238095	1	0	0.000228571428580663	0	0	22.8176015853882
0.10391746031746	1	0	0.000247619047605388	0	0	22.6865171432495
0.111911111111111	1	0	0.000266666666665875	0	0	22.603443145752
0.119904761904762	1	0	0.000285714285706399	0	0	22.5117359161377
0.127898412698413	1	0	0.000304761904758026	0	0	22.4545879364014
0.135892063492064	1	0	0.000323809523805938	0	0	22.3696245193481
0.143885714285714	1	0	0.000342857142875042	0	0	22.3171297073364
0.151879365079365	1	0	0.000361904761919808	0	0	22.2419334411621
0.159073015873016	0.995	0.00333333333333333	0.00238787564864354	0.0150000000000062	0.01	22.1863389968872
0.167066666666667	0.995238095238095	0.00333333333333333	0.00238886304895806	0.0142857142857151	0.01	22.1337993621826
0.175060317460317	0.995454545454545	0.00333333333333333	0.00239000185011497	0.013636363636361	0.01	22.0879434585571
0.183053968253968	0.995652173913043	0.00333333333333333	0.00239129183581015	0.013043478260868	0.01	22.0002578735352
0.191047619047619	0.995833333333333	0.00333333333333333	0.00239273276151732	0.0125000000000014	0.01	21.9495819091797
0.19904126984127	0.996	0.00333333333333333	0.0023943243547335	0.0119999999999875	0.01	21.9276113510132
0.207034920634921	0.996153846153846	0.00333333333333333	0.00239606631520096	0.0115384615384587	0.01	21.8914808273315
0.215028571428571	0.996296296296296	0.00333333333333333	0.00239795831523874	0.0111111111111155	0.01	21.7953884124756
0.223022222222222	0.996428571428572	0.00333333333333333	0.00239999999999981	0.0107142857142729	0.01	21.7450595855713
0.231015873015873	0.996551724137931	0.00333333333333333	0.00240219098781442	0.0103448275862146	0.01	21.7146839141846
0.239009523809524	0.996666666666667	0.00333333333333333	0.00240453087055855	0.00999999999999723	0.01	21.6562387466431
0.247003174603175	0.996774193548387	0.00333333333333333	0.00240701921400637	0.00967741935483875	0.01	21.5955270767212
0.254996825396825	0.996875	0.00333333333333333	0.00240965555822484	0.00937500000000758	0.01	21.5492673873901
0.262990476190476	0.996969696969697	0.00333333333333333	0.00241243941800729	0.00909090909093338	0.01	21.5133007049561
0.270984126984127	0.997058823529412	0.00333333333333333	0.00241537028329893	0.00882352941176839	0.01	21.4423154830933
0.278977777777778	0.997142857142857	0.00333333333333333	0.0024184476196275	0.00857142857142577	0.01	21.4059093475342
0.286971428571429	0.997222222222222	0.00333333333333333	0.00242167086862524	0.00833333333333665	0.01	21.3408231735229
0.294965079365079	0.997297297297297	0.00333333333333333	0.00242503944845531	0.00810810810810536	0.01	21.3102056503296
0.30295873015873	0.997368421052631	0.00333333333333333	0.00242855275437355	0.00789473684211236	0.01	21.2629819869995
0.310952380952381	0.997435897435897	0.00333333333333333	0.00243221015919968	0.00769230769231478	0.01	21.2068298339844
0.318946031746032	0.9975	0.00333333333333333	0.0024360110139125	0.00750000000001791	0.01	21.1560319900513
0.326939682539683	0.997560975609756	0.00333333333333333	0.00243995464810945	0.00731707317071506	0.01	21.1338535308838
0.334933333333333	0.997619047619048	0.00333333333333333	0.00244404037064948	0.00714285714285136	0.01	21.0960395812988
0.342126984126984	0.995348837209302	0.00666666666666667	0.00316815217574329	0.0093023255813879	0.0133333333333333	21.0552408218384
0.350120634920635	0.995454545454545	0.00666666666666667	0.00316992671432975	0.00909090909091384	0.0133333333333333	21.0078788757324
0.358114285714286	0.995555555555556	0.00666666666666667	0.00317181464832277	0.00888888888888803	0.0133333333333333	20.9521591186523
0.366107936507936	0.995652173913043	0.00666666666666667	0.00317381577537768	0.00869565217390747	0.0133333333333333	20.9057094573975
0.374101587301587	0.995744680851064	0.00666666666666667	0.00317592988150749	0.00851063829786202	0.0133333333333333	20.8395425796509
0.382095238095238	0.995833333333333	0.00666666666666667	0.00317815674127951	0.00833333333334731	0.0133333333333333	20.7975082397461
0.390088888888889	0.995918367346939	0.00666666666666667	0.00318049611784612	0.00816326530611606	0.0133333333333333	20.724556350708
0.39808253968254	0.996	0.00666666666666667	0.00318294776310689	0.0079999999999818	0.0133333333333333	20.686759185791
0.40607619047619	0.996078431372549	0.00666666666666667	0.00318551141784089	0.00784313725489195	0.0133333333333333	20.6101028442383
0.414069841269841	0.996153846153846	0.00666666666666667	0.00318818681186502	0.00769230769232633	0.0133333333333333	20.5664972305298
0.422063492063492	0.99622641509434	0.00666666666666667	0.00319097366412405	0.00754716981131209	0.0133333333333333	20.5284816741943
0.430057142857143	0.996296296296296	0.00666666666666667	0.00319387168284825	0.00740740740741568	0.0133333333333333	20.4790813446045
0.438050793650794	0.996363636363636	0.00666666666666667	0.00319688056571212	0.00727272727271153	0.0133333333333333	20.4331443786621
0.446044444444444	0.996428571428572	0.00666666666666667	0.00319999999999744	0.00714285714283892	0.0133333333333333	20.3819097518921
0.454038095238095	0.996491228070175	0.00666666666666667	0.00320322966272245	0.00701754385965668	0.0133333333333333	20.3493238449097
0.462031746031746	0.996551724137931	0.00666666666666667	0.00320656922079259	0.00689655172415737	0.0133333333333333	20.2893138885498
0.470025396825397	0.996610169491525	0.00666666666666667	0.00321001833125892	0.00677966101698063	0.0133333333333333	20.1813369750977
0.478019047619048	0.996666666666667	0.00666666666666667	0.00321357664135514	0.00666666666664854	0.0133333333333333	20.1014047622681
0.486012698412698	0.99672131147541	0.00666666666666667	0.0032172437887737	0.00655737704917673	0.0133333333333333	20.0503868103027
0.494006349206349	0.996774193548387	0.00666666666666667	0.00322101940173768	0.00645161290323042	0.0133333333333333	19.9842975616455
0.502	0.996825396825397	0.00666666666666667	0.00322490309932448	0.00634920634920345	0.0133333333333333	19.9254776000977
0.509993650793651	0.996875	0.00666666666666667	0.00322889449148198	0.00625000000001137	0.0133333333333333	19.8332628250122
0.517987301587302	0.996923076923077	0.00666666666666667	0.00323299317939213	0.0061538461538576	0.0133333333333333	19.7826522827148
0.525980952380952	0.996969696969697	0.00666666666666667	0.00323719875543788	0.00606060606064505	0.0133333333333333	19.6859601974487
0.533974603174603	0.997014925373134	0.00666666666666667	0.00324151080368121	0.00597014925373659	0.0133333333333333	19.6300550460815
0.541968253968254	0.997058823529412	0.00666666666666667	0.00324592889967747	0.00588235294120577	0.0133333333333333	19.5751268386841
0.549961904761905	0.997101449275362	0.00666666666666667	0.00325045261107362	0.005797101449241	0.0133333333333333	19.4765766143799
0.557955555555556	0.997142857142857	0.00666666666666667	0.00325508149752955	0.0057142857142873	0.0133333333333333	19.3525400161743
0.565949206349206	0.997183098591549	0.00666666666666667	0.00325981511099087	0.00563380281690429	0.0133333333333333	19.270290184021
0.573942857142857	0.997222222222222	0.00666666666666667	0.00326465299591476	0.00555555555557375	0.0133333333333333	19.204313659668
0.581936507936508	0.997260273972603	0.00666666666666667	0.00326959468944267	0.00547945205476731	0.0133333333333333	19.1016355514526
0.589930158730159	0.997297297297297	0.00666666666666667	0.00327463972159458	0.00540540540542914	0.0133333333333333	18.963463973999
0.597123809523809	0.996	0.01	0.00363250630294894	0.00611010092664234	0.0152752523165195	18.8358680725098
0.60511746031746	0.996052631578947	0.01	0.0036358507162543	0.00602970486178819	0.0152752523165195	18.6947271347046
0.613111111111111	0.996103896103896	0.01	0.00363929175041488	0.00595139700645206	0.0152752523165195	18.6307703018188
0.621104761904762	0.996153846153846	0.01	0.00364282913154584	0.0058750970448143	0.0152752523165195	18.5702751159668
0.629098412698413	0.99620253164557	0.01	0.00364646257933192	0.00580072872779929	0.0152752523165195	18.4778266906738
0.637092063492063	0.99625	0.01	0.00365019180687083	0.00572821961867359	0.0152752523165195	18.4216957092285
0.645085714285714	0.996296296296296	0.01	0.0036540165208604	0.00565750085796079	0.0152752523165195	18.2939603805542
0.653079365079365	0.996341463414634	0.01	0.00365793642185347	0.00558850694504346	0.0152752523165195	18.1102155685425
0.661073015873016	0.996385542168675	0.01	0.00366195120412548	0.00552117553608379	0.0152752523165195	17.9619583129883
0.669066666666667	0.996428571428572	0.01	0.00366606055599316	0.0054554472558764	0.0152752523165195	17.8955543518066
0.677060317460317	0.996470588235294	0.01	0.00367026415977025	0.00539126552347927	0.0152752523165195	17.7688718795776
0.685053968253968	0.996511627906977	0.01	0.00367456169199152	0.0053285763894751	0.0152752523165195	17.6995706558228
0.692247619047619	0.995402298850575	0.0133333333333333	0.00381718277714124	0.00563101090297096	0.0163299316185545	17.5930061340332
0.70024126984127	0.995454545454545	0.0133333333333333	0.00382017558454728	0.00556702214270391	0.0163299316185545	17.4769552230835
0.70823492063492	0.995505617977528	0.0133333333333333	0.00382326094626908	0.00550447133209705	0.0163299316185545	17.3736698150635
0.716228571428571	0.995555555555556	0.0133333333333333	0.00382643863837301	0.00544331053951969	0.0163299316185545	17.2184613227844
0.723428571428571	0.994505494505495	0.0165591397849462	0.00484873221387248	0.00549450549450726	0.0165619324554754	16.9753366470337
0.731422222222222	0.994565217391304	0.0165591397849462	0.0048607269689761	0.00543478260867276	0.0165619324554754	16.8676378250122
0.739415873015873	0.994623655913978	0.0165591397849462	0.0048727666551539	0.00537634408605885	0.0165619324554754	16.7814452171326
0.747409523809524	0.99468085106383	0.0165591397849462	0.0048848509401721	0.0053191489361755	0.0165619324554754	16.6487234115601
0.755403174603175	0.994736842105263	0.0165591397849462	0.00489697949386988	0.00526315789475095	0.0165619324554754	16.5279362678528
0.762596825396825	0.99375	0.0198924731182796	0.00594093375470901	0.00690963497990823	0.0220482553425203	16.3409276008606
0.770590476190476	0.993814432989691	0.0198924731182796	0.00595017864022671	0.00683840162960933	0.0220482553425203	16.1285641670227
0.777784126984127	0.992857142857143	0.0232258064516129	0.00673868582303085	0.00796964252642686	0.025994832148256	15.8723100662231
0.784184126984127	0.990909090909091	0.0297849462365591	0.00843878316019658	0.00952927387075772	0.0312015145892058	15.78549451828
0.789777777777778	0.988	0.0397849462365591	0.00992415683517373	0.0116619037896983	0.0387305797807296	15.5967421531677
0.796971428571428	0.987128712871287	0.0431182795698925	0.00938274577976519	0.0108910891088963	0.0365352546896976	15.3694692611694
0.804965079365079	0.987254901960784	0.0431182795698925	0.00939037959962207	0.0107843137254918	0.0365352546896976	15.0931347846985
0.81215873015873	0.986407766990291	0.0464516129032258	0.0107152803771133	0.0124332509464657	0.0425915050775987	14.9686470985413
0.819352380952381	0.985576923076923	0.0497849462365591	0.0100874003716785	0.0115784563257702	0.0400544490090711	14.7859765052795
0.827346031746032	0.985714285714286	0.0497849462365591	0.0100936027426421	0.0114681853131271	0.0400544490090711	14.2358512878418
0.835339682539682	0.985849056603774	0.0497849462365591	0.0100998372273027	0.011359994885644	0.0400544490090711	13.8733036994934
0.843333333333333	0.985981308411215	0.0497849462365591	0.0101061037661965	0.0112538267091377	0.0400544490090711	13.2170758247375
0.851326984126984	0.986111111111111	0.0497849462365591	0.010112402299759	0.0111496246100008	0.0400544490090711	12.8861764907837
0.858520634920635	0.985321100917431	0.0531182795698925	0.0100330338735311	0.0110091743119162	0.0399334629861404	12.4001853942871
0.865714285714286	0.984545454545455	0.0564516129032258	0.0105149068139584	0.0115350704913168	0.0422493082394328	12.1121423721313
0.872907936507936	0.983783783783784	0.0597849462365591	0.0096729090799051	0.0105062196303604	0.0388414721745855	11.7184663772583
0.880901587301587	0.983928571428571	0.0597849462365591	0.00967806506026217	0.0104124140979317	0.0388414721745855	11.2943325042725
0.888095238095238	0.983185840707965	0.0631182795698925	0.0106657312514953	0.0115044247787673	0.0433215918349273	10.7700333595276
0.894488888888889	0.981578947368421	0.0695766129032258	0.0111522792887112	0.0120594097235838	0.0460155269652518	10.2818550109863
0.90248253968254	0.981739130434783	0.0695766129032258	0.0111554832820545	0.0119545452911758	0.0460155269652518	9.43169422149658
0.906476190476191	0.977586206896552	0.0862432795698925	0.0124067131268641	0.0134659477170945	0.052370342143495	8.97983994483948
0.912869841269841	0.976068376068376	0.0927016129032258	0.0126210995636236	0.0136752136752184	0.053665032584895	8.50011520385742
0.919263492063492	0.974576271186441	0.0993682795698925	0.0115714246521542	0.0125698279442313	0.0498834507768453	7.57698469161987
0.926457142857143	0.973949579831933	0.102701612903226	0.0117665732011563	0.012716593235663	0.050917287152204	6.860120677948
0.932850793650794	0.9725	0.109368279569892	0.0119878396435388	0.0129368122468944	0.052290786983382	6.31171205043793
0.935250793650794	0.96694214876033	0.132385752688172	0.0110029309638734	0.0116877153915148	0.0478481262839019	5.55154956579208
0.941644444444444	0.965573770491803	0.139052419354839	0.0119025674167816	0.0125920422096102	0.0519815120738361	4.70409820079803
0.946438095238095	0.96260162601626	0.152385752688172	0.0107833078362362	0.0116120787455921	0.0487010355036843	3.93812208175659
0.953631746031746	0.962096774193548	0.155719086021505	0.0106327522072758	0.0114334249022158	0.0484228740379881	2.67613800764084
0.958425396825397	0.9592	0.168844086021505	0.00935592988622969	0.0104000000000043	0.0446172508034344	1.89016251564026
0.963225396825397	0.956349206349206	0.181861559139785	0.00961299196466374	0.0101946290306884	0.0438360674360531	1.34494961779565
0.970419047619048	0.955905511811024	0.185194892473118	0.0113515020433173	0.0117847476748903	0.0508622472151077	-0.0786958634853363
0.974419047619048	0.95234375	0.201545698924731	0.0106162242669986	0.0107404117850511	0.0465089209445364	-0.881293720006943
0.980012698412698	0.950387596899225	0.211545698924731	0.0102811983031605	0.0105152402839067	0.0462955382303913	-1.86533796191216
0.983206349206349	0.946153846153846	0.231337365591398	0.00909242040620442	0.00973008510821937	0.0432392917038287	-3.29534077644348
0.985606349206349	0.941221374045802	0.254354838709677	0.00784357269700236	0.00839694656487065	0.037560949813089	-4.63073245882988
0.986406349206349	0.934848484848485	0.284038978494624	0.00880406008171913	0.0090909090908943	0.0407946520767746	-6.01883399784565
0.989606349206349	0.930827067669173	0.303931451612903	0.00720214127894072	0.00736688644445903	0.0345768480195147	-6.77560159265995
0.989606349206349	0.923880597014925	0.336948924731183	0.00720214127894072	0.00731190967995014	0.0348614796200892	-7.94906247854233
0.991206349206349	0.918518518518518	0.363299731182796	0.00664609069619608	0.00662538660003895	0.0318326344111444	-9.01948271989822
0.991206349206349	0.911764705882353	0.396317204301075	0.00664609069619608	0.00657667052206395	0.0321040341386847	-9.653178358078
0.993606349206349	0.907299270072993	0.419334677419355	0.00479792094050661	0.00467381331201276	0.023143351347626	-10.3133599281311
0.996	0.902898550724638	0.442459677419355	0.00399999999996869	0.00480670259471489	0.0240140029834201	-10.5110595703125
0.9976	0.897841726618705	0.468810483870968	0.00366606055599316	0.00431654676260792	0.0210214462931936	-11.1991413354874
0.9976	0.891428571428571	0.501827956989247	0.00366606055599316	0.00428571428571289	0.0212840764162131	-12.7640507221222
0.9984	0.885815602836879	0.531512096774194	0.00320000000001825	0.00381926582067509	0.018785121699746	-14.0474485397339
1	0.880985915492958	0.55807123655914	0	0.00211267605637787	0.0175202128470621	-14.8968557357788
1	0.874825174825175	0.591088709677419	0	0.00209790209781376	0.0180998089140826	-15.6648223876953
1	0.86875	0.624106182795699	0	0.00208333333329686	0.0186855042227169	-16.4191824913025
1	0.862758620689655	0.657123655913978	0	0.00206896551730903	0.01927674283167	-17.0827184677124
1	0.856849315068493	0.690141129032258	0	0.00205479452065053	0.0198730299941848	-17.4262679100037
1	0.851020408163265	0.723158602150538	0	0.00204081632643925	0.0204739246094091	-17.9865491867065
1	0.84527027027027	0.756176075268817	0	0.00202702702703182	0.0210790326505953	-18.3644460678101
1	0.839597315436242	0.789193548387097	0	0.00201342281872785	0.021688001449379	-18.8627445220947
1	0.834	0.822211021505376	0	0.00200000000005096	0.0223005147263907	-19.3475076675415
1	0.828476821192053	0.855228494623656	0	0.00198675496690607	0.0229162882698189	-19.8363626480103
1	0.823026315789474	0.888245967741936	0	0.0019736842104409	0.0235350661753963	-20.5813385009766
1	0.817647058823529	0.921263440860215	0	0.00196078431374281	0.0241566175716976	-21.4521419525146
1	0.812337662337662	0.954280913978495	0	0.00194805194801156	0.0247807337651882	-22.5139877319336
1	0.807096774193549	0.987298387096774	0	0.00193548387083467	0.0254072257475553	-24.1467134475708
1	0.80448717948718	0.968245967741936	0	0.0032051282051302	0.000504032258117578	-23.7632780075073
1	0.799363057324841	1	0	0.00318471337579757	0	-24.3417329788208
